路亮 1 3 120 0 0 9.500000
王晨 1 1 15537884013 1000 100 9.500000
刘子璐 2 2 110 1000 500 9.000000
张撒 2 4 24178127521 4288 214 9.000000
莉萨 3 5 15134566456 4616 4616 9.500000
赵亮乐 1 6 15988811781 462 4622 9.500000
王富乐 1 7 15133357855 561 5613 9.500000
郑泉曈 1 8 17717657855 461 4614 9.500000
郑泉曈 1 9 17312456798 364 3641 9.500000
韩火泉 1 10 1353420870 361 3614 9.500000
韩富曈 1 11 1594536645 364 3644 9.500000
黄乐曈 1 12 1391233784 460 4600 9.500000
高广雨 1 13 1511233334 362 3624 9.500000
张长曈 1 14 1553426645 462 4626 9.500000
郑泉火 1 15 1773457777 461 4614 9.500000
钱雨火 1 16 1394531178 560 5603 9.500000
侯淼曈 1 17 1583425785 460 4607 9.500000
郑广曈 1 18 1588885785 362 3624 9.500000
花康楠 1 19 1553335679 364 3644 9.500000
赵富淼 1 20 1361245679 465 4654 9.500000
高楠雨 1 21 1593423334 562 5626 9.500000
胡同健 1 22 1514537777 565 5652 9.500000
黄乐广 1 23 1594536645 562 5628 9.500000
常同雨 1 24 1353420870 562 5628 9.500000
高长乐 1 25 1731245679 364 3643 9.500000
韩曈曈 1 26 1771765785 463 4633 9.500000
常雨泉 1 27 1583425785 560 5600 9.500000
郑广火 2 28 1513335785 361 3616 9.000000
郑广火 2 29 1598881178 360 3605 9.000000
郑广火 3 20 1513456645 465 4650 8.500000
